00      2986
10      2506
21      2700
31      2345
42      2750
52      2803
63      3808
73      1464
84      3116
94      2642
115     3336
126     3703
136     3310
147     3262
157     2433
168     3838
179     2886
189     3047
200     1974
210     2820
221     2533
241     3244
241     2265
252     2231
262     2310
273     2039
283     1730
294     2650
305     1270
315     605.5
326     1375
357     771.7
367     2254
378     1683
399     1922
420     1531
451     1515
462     2166
483     2232
493     1901
504     2930
546     2234
556     2927
567     2514
577     3629
588     806.1
598     3046
609     2568
630     2867
640     3304
651     3757
661     2845
672     2774
682     2826
693     2986
703     3032
714     3070
724     2613
735     3383
745     1847
755     2268

